4096	2	4	4	4	5	5	5	4	5	4	5	5	4	5	4	5	5	4	5	5	5
4096	4	4	4	5	4	4	4	4	4	4	4	4	4	4	4	4	4	4	4	4	4
4096	8	4	4	4	4	4	4	4	4	4	4	4	4	4	4	4	4	4	4	4	4
4096	16	4	4	4	4	4	4	4	4	4	4	4	4	4	4	4	4	4	4	4	4
4096	32	4	4	3	4	3	4	4	4	4	3	4	4	3	4	3	3	4	4	3	3
4096	64	3	3	3	3	3	4	3	4	4	3	3	3	3	4	3	3	3	4	3	3
4096	128	3	3	3	3	3	3	3	3	3	3	3	3	3	3	3	3	3	3	3	3
4096	256	3	3	3	3	3	3	3	3	3	3	3	3	3	3	3	3	3	3	3	3
4096	512	3	3	3	3	3	3	3	3	3	3	3	3	3	3	3	3	3	3	3	3
4096	1024	3	3	3	3	3	3	3	3	3	3	3	3	3	3	3	3	3	3	3	3
4096	2048	3	3	3	3	3	3	3	3	3	3	3	3	3	3	3	3	3	3	3	3
4096	4096	3	3	3	3	3	3	3	3	3	2	3	3	3	2	2	3	3	3	3	3
4096	8192	2	2	2	2	2	2	3	2	2	2	2	2	2	2	2	3	3	2	2	2
4096	16384	2	2	2	2	2	2	2	2	2	2	2	2	2	2	2	2	2	2	2	2
4096	32768	2	2	2	2	2	2	2	2	2	2	2	2	2	2	2	2	2	2	2	2
4096	65536	2	2	2	2	2	2	2	2	2	2	2	2	2	2	2	2	2	2	2	2
8192	2	9	9	10	10	10	9	9	9	9	9	10	9	10	9	9	9	9	9	9	9
8192	4	9	9	10	9	9	8	8	9	9	9	8	9	9	9	9	9	9	9	9	9
8192	8	9	8	8	8	8	9	8	8	9	9	9	9	9	9	9	9	8	8	9	8
8192	16	9	9	8	8	8	8	8	8	8	8	9	8	8	8	8	8	8	9	8	8
8192	32	7	8	8	8	7	7	8	8	8	8	8	8	8	8	8	7	8	8	8	8
8192	64	7	8	8	7	8	7	8	8	7	8	7	7	7	7	7	7	7	7	7	8
8192	128	7	7	7	7	7	7	7	7	7	7	7	7	7	7	7	7	7	7	7	7
8192	256	7	7	7	7	7	7	7	7	7	7	7	7	7	7	7	7	7	7	7	7
8192	512	7	6	7	6	7	7	6	6	6	6	7	6	6	7	7	7	7	7	6	6
8192	1024	6	6	7	6	7	6	6	6	6	6	6	6	6	6	6	6	6	6	6	7
8192	2048	6	6	6	6	6	6	6	6	6	6	6	6	6	6	6	6	6	6	6	6
8192	4096	6	6	6	6	6	6	6	6	6	6	6	6	6	6	6	6	6	6	6	6
8192	8192	5	6	6	5	6	6	6	6	5	6	6	6	5	6	6	6	6	6	6	6
8192	16384	5	5	6	5	5	5	5	5	5	5	6	6	5	5	6	6	6	6	6	6
8192	32768	5	5	5	5	5	5	5	5	5	5	5	5	5	5	5	5	6	5	5	5
8192	65536	5	5	5	5	5	5	5	5	5	5	5	5	5	5	5	5	5	5	5	5
16384	2	20	19	19	19	19	21	19	19	18	19	21	19	19	19	19	20	18	20	19	19
16384	4	18	18	18	18	19	19	18	19	18	19	18	19	19	18	19	18	17	19	18	18
16384	8	18	17	18	17	17	17	17	18	19	17	19	18	18	17	17	18	18	17	18	18
16384	16	17	17	16	16	17	16	16	16	16	16	16	16	16	17	17	16	17	16	17	17
16384	32	16	17	15	16	17	16	16	16	17	17	16	16	16	16	16	16	17	16	16	17
16384	64	15	16	15	15	15	16	15	15	15	15	15	15	15	15	15	16	15	15	15	16
16384	128	15	15	14	15	15	15	15	15	15	15	15	14	14	15	14	15	15	15	15	14
16384	256	14	14	14	14	15	14	14	14	14	15	15	15	14	14	14	15	13	14	14	15
16384	512	13	14	14	14	14	14	14	13	14	14	14	14	13	14	14	13	14	14	13	14
16384	1024	13	13	13	13	14	13	13	13	13	13	13	13	14	13	13	13	13	14	13	13
16384	2048	13	13	12	13	13	13	13	13	13	13	13	12	12	13	13	13	12	12	12	13
16384	4096	13	12	13	12	12	12	12	12	12	13	12	12	12	12	13	12	13	12	13	13
16384	8192	12	12	12	12	12	12	12	12	13	12	12	12	12	12	12	12	12	12	12	12
16384	16384	12	12	12	12	11	11	11	11	12	12	11	11	12	11	12	12	11	12	12	12
16384	32768	11	11	11	11	11	11	11	11	11	11	11	11	11	11	11	11	12	12	11	12
16384	65536	11	11	11	11	11	11	11	11	11	11	11	11	11	11	11	11	11	11	11	12
32768	2	37	38	38	36	37	38	40	38	38	37	36	37	39	39	38	37	41	36	38	38
32768	4	37	35	35	35	37	35	35	35	37	36	36	38	37	36	37	35	36	36	36	36
32768	8	34	37	34	33	34	33	35	34	34	34	33	37	33	34	33	33	35	33	34	35
32768	16	33	33	33	32	32	33	35	32	32	32	34	33	32	33	35	32	32	34	34	32
32768	32	33	32	31	32	31	32	32	31	32	31	31	32	31	31	31	31	34	32	31	32
32768	64	30	33	30	30	29	32	29	31	30	31	32	30	31	32	30	30	31	31	30	30
32768	128	30	30	30	29	30	29	30	30	29	29	29	31	28	30	30	29	30	29	28	29
32768	256	28	29	28	27	30	29	28	28	28	29	28	28	30	28	28	28	29	27	28	27
32768	512	27	28	29	27	29	26	27	27	26	28	27	28	27	27	27	28	27	27	27	28
32768	1024	26	26	26	26	26	26	27	26	26	26	26	27	27	27	28	26	26	27	27	27
32768	2048	25	26	25	26	26	26	26	25	25	25	26	26	26	26	25	27	25	26	27	27
32768	4096	24	25	25	25	26	25	25	25	24	25	25	25	24	25	24	25	26	24	25	26
32768	8192	24	24	23	25	25	24	24	24	24	23	23	24	24	24	24	24	24	25	24	25
32768	16384	23	23	24	23	24	23	23	23	23	24	23	24	24	23	23	23	23	24	23	24
32768	32768	24	23	22	23	23	23	23	23	23	23	24	23	24	23	23	23	22	22	23	23
32768	65536	23	22	22	23	22	21	22	23	22	22	22	22	22	22	23	22	22	22	22	23
