4096	2	7570.33	7500.33	7483.33	7010.75	7020.5	7018.75	7466.67	7043.75	7492.33	7011.5	7164.75	7709.33	7160.5	7593.33	7165	7008.25	7495.33	7020.5	7006.5	7024.75
4096	4	7483.67	7477	7044	7483	7481.67	7515.67	7494	7491.33	7484	7529.33	7477.67	7483	7521.67	7472.33	7500	7480.67	7478.67	7514	7489.67	7467.67
4096	8	7489.67	7484.67	7480.33	7507.67	7527	7489.67	7479	7492	7474.67	7487.67	7506.67	7467.33	7512.33	7483.33	7496	7491.67	7497	7468.33	7494.33	7536
4096	16	7474.33	7481.67	7482	7496	7481.33	7496.33	7467.33	7514.67	7480.33	7470.67	7508.67	7483	7491.67	7484	7534	7466	7486.67	7484.67	7468.67	7482.33
4096	32	7484	7474.33	8456.5	7485.33	8420.5	7484	7495.33	7468.67	7510.33	8494.5	7488.67	7482	8421	7477.33	8423	8435	7470	7506.67	8421.5	8413
4096	64	8417.5	8432	8403.5	8421	8478.5	7476.33	8414.5	7484.67	7506	8423.5	8421	8402	8446	7481.33	8410	8415	8422.5	7476.67	8418	8472
4096	128	8404	8428.5	8429.5	8403	8423.5	8439.5	8409	8448	8433	8400.5	8428	8447	8440.5	8433	8484.5	8411.5	8419	8420	8403	8440
4096	256	8433	8405	8455.5	8438.5	8409	8423.5	8423	8417.5	8435	8471.5	8406.5	8419	8422.5	8414	8420.5	8427.5	8416	8458.5	8449	8404
4096	512	8428.5	8416.5	8421	8419	8475	8402.5	8419.5	8427.5	8412.5	8428	8427	8426.5	8460.5	8417	8404.5	8418	8475	8404	8420	8478
4096	1024	8405	8433.5	8424.5	8403.5	8431.5	8418.5	8414.5	8474.5	8433	8411	8426	8417	8404.5	8422	8469.5	8401	8417.5	8421.5	8426	8417.5
4096	2048	8433	8411.5	8448	8432	8404	8419	8435.5	8404	8419.5	8478	8425.5	8418.5	8428	8413	8417.5	8428.5	8410	8447.5	8426	8403
4096	4096	8424	8431.5	8405	8421	8472	8416	8426	8419.5	8435	11258	8419.5	8404	8456	11229	11200	8434	8420	8399.5	8428.5	8468
4096	8192	11254	11241	11230	11210	11229	11233	8401.5	11281	11249	11205	11230	11229	11212	11230	11320	8410.5	8454	11267	11204	11227
4096	16384	11233	11204	11281	11229	11209	11232	11247	11209	11252	11296	11206	11232	11231	11232	11228	11222	11206	11266	11242	11220
4096	32768	11222	11287	11214	11231	11300	11210	11227	11222	11212	11227	11229	11220	11266	11229	11208	11229	11249	11218	11221	11319
4096	65536	11234	11252	11249	11205	11225	11228	11229	11268	11242	11208	11227	11233	11209	11233	11296	11206	11229	11243	11224	11249
8192	2	25095.4	24980.6	24692.8	24711.1	24679.8	25025.4	24947.1	25068.6	24978.2	25032	24693.1	25053.2	24679.9	24985.9	24992.8	25011.6	24963.2	25007.2	24953.6	25009
8192	4	24982.1	24971.9	24680.4	24983.4	24999.9	25399.7	25355.1	25016.8	24958.9	25011.5	25378	24982.8	24998.6	24982.5	24990.1	25017.4	24947.9	25016.5	24961.5	25000.5
8192	8	24996.4	25385.1	25392.7	25375.6	25386.3	25013.1	25375.6	25409.7	24967.6	25026.9	24990.6	24976	24995.4	24989.4	25005.1	25009.1	25371.6	25411.6	24972.5	25412.1
8192	16	24998	24983.5	25384	25369.9	25380.4	25429	25352	25416	25349	25429.4	24994.9	25388.6	25398.7	25361.6	25386.3	25409.6	25344.7	25004.5	25355	25421
8192	32	25924.2	25369.7	25385.1	25379.9	25897	25941.2	25350	25417.3	25381.3	25398.9	25396.1	25368	25376.6	25382.9	25379.1	25941.7	25356.6	25423.1	25353.9	25395.3
8192	64	25900.2	25391.4	25395.7	25909.7	25388.6	25943.8	25367.1	25412.9	25875.7	25411.4	25926.8	25909.3	25923.5	25916.5	25929	25934.7	25873.8	25939.8	25877.5	25400.6
8192	128	25925.3	25906.3	25922.5	25920.3	25921.5	25945.2	25881.3	25943	25882.7	25957.5	25927	25892.3	25908.5	25905.8	25912.2	25932.8	25895.5	25949.8	25869.2	25940.2
8192	256	25931.3	25895.8	25917.5	26046.5	25944.2	25934.3	25883.2	25945.8	25875.2	25935.7	25920.7	25902.3	25933	25899.2	25924.2	25944.8	25880	25938.7	25875.5	25937.5
8192	512	25921	26635.4	25910	26648.8	25914.3	25958.5	26638	26680.4	26626.8	26682	25919	26650.6	26650.8	25904.5	25910.5	25938.7	25905.3	25947.8	26634.6	26668.4
8192	1024	26677	26643.2	25915.8	26638.2	25937.5	26671.6	26615.6	26686.6	26619.6	26668.4	26650.4	26654.2	26774.8	26641	26667	26685.4	26614.8	26678.2	26615.2	25947.2
8192	2048	26670.4	26637.6	26650.4	26759	26654.8	26684.6	26630.8	26706.6	26628	26679.6	26665.2	26640.2	26655.8	26654.4	26661	26676.8	26626.4	26696.4	26644.4	26673.4
8192	4096	26651.4	26641	26666	26654.8	26668.8	26693	26613	26688.6	26630.8	26669.2	26648.4	26643.6	26657.4	26661.8	26654.6	26688	26638	26689.8	26612.6	26684.6
8192	8192	27789.2	26638.4	26664.4	27758.2	26661.6	26681.8	26613.8	26707.6	27733.5	26676.8	26664.6	26643	27764	26644.2	26660.2	26676.4	26610.8	26705.4	26641.8	26677.6
8192	16384	27765.5	27761.2	26649.4	27743.5	27776.8	27785.2	27734.8	27795	27715.5	27788.8	26655.8	26679	27773.5	27766	26639.6	26669	26627.4	26679.6	26631	26688.2
8192	32768	27788.2	27753.2	27787	27745	27771.8	27803	27731.2	27813	27721.2	27780.2	27783.2	27761.2	27774.2	27743.8	27764.5	27806.2	26636.6	27779.2	27745.2	27783.8
8192	65536	27760.5	27777.2	27757	27758.5	27765	27804	27733.5	27787.5	27726.5	27796.5	27764.8	27744.8	27777.2	27777.8	27759.5	27816	27731.8	27793.5	27706.5	27789
16384	2	107140	107279	107500	107408	107985	106766	107791	107597	108531	107365	107089	107344	107368	107701	107364	107056	107827	107055	107838	107507
16384	4	107745	107690	107981	107827	107510	107561	107672	107248	108617	107432	108355	107484	107506	107789	107666	107719	108506	107342	108435	107743
16384	8	107833	108127	107872	108297	108349	108190	108364	107684	107470	108065	107376	107661	107661	107951	108194	107761	107850	108082	107843	107706
16384	16	108295	108266	108504	109459	108166	108557	108452	108508	108728	108671	108627	108608	108858	108136	108109	108488	108117	108571	108176	109055
16384	32	108643	108015	108998	108423	108164	108534	108651	108344	108124	108205	108939	108368	108449	108561	108703	108493	108093	108369	108706	108078
16384	64	109074	108457	109097	109201	109585	108589	108981	109330	109936	108919	109092	109160	108999	109032	108900	108591	109113	108918	109120	108582
16384	128	109067	109177	109513	109364	109216	109481	109069	109485	109013	109061	108942	109582	109803	108983	110537	110088	109554	109600	109474	110221
16384	256	109975	110318	110131	110075	109953	110639	110631	110640	110553	110067	110048	110005	110552	110422	110540	110011	111267	110576	110550	109950
16384	512	111130	110612	110446	110458	111010	110489	110540	111213	110880	110627	110394	110641	111042	110765	110629	110915	110295	110239	110726	110110
16384	1024	110736	111082	111005	110925	110934	111238	111099	111195	110791	110779	111388	111082	110468	111004	110973	111180	110724	110195	111236	111063
16384	2048	111105	110936	111958	111210	111311	111013	111269	111339	111223	111318	111134	112189	111994	111384	111181	111382	112118	112057	111761	110989
16384	4096	111409	111621	111305	111635	111908	111610	111655	111810	111808	111154	111974	112112	112165	111985	111306	112058	111127	112010	111351	111357
16384	8192	112009	112187	112160	112103	112001	112108	112148	112090	111122	112133	112159	112127	112233	112205	112125	112012	112247	112219	112131	111834
16384	16384	111924	112329	111936	111772	112761	112360	112480	112680	111642	111645	112816	112798	111552	112915	111847	112012	112982	111838	111857	112081
16384	32768	112697	112745	112824	112731	112772	113237	112857	112594	112882	112839	112614	112618	112666	112819	112635	112654	111626	111880	112940	111904
16384	65536	112802	112756	112795	112647	112723	112640	112773	112758	112836	112863	112793	112598	112445	112908	112470	113026	112997	112460	112528	112190
32768	2	487493	487087	498046	499448	500994	503203	501484	500999	501610	501929	500884	499343	502227	499847	507648	496659	501971	500580	492395	486149
32768	4	486634	487617	488225	487748	487054	487942	488114	489151	487071	487332	488481	491768	487037	487378	487154	488833	486850	486209	487030	488996
32768	8	487358	486473	488592	487860	487358	487864	486972	489117	489139	487972	489406	486495	488771	488691	487834	487055	486364	491824	489907	489413
32768	16	491317	489415	488242	491497	485382	485313	486468	493688	485507	485717	489808	491491	485254	485502	485913	491884	485359	484775	484483	490586
32768	32	485255	486750	487765	492895	488993	488423	486915	487925	487306	488447	489562	487493	486088	488712	488534	489970	484927	488237	487943	492672
32768	64	488927	488335	488848	486607	488619	485318	487597	486947	487526	485832	485649	487650	487802	485730	488505	493258	486150	485731	490063	488351
32768	128	488589	486375	487833	492619	489872	492087	491865	490999	489785	488857	496850	487910	497298	489584	491122	488843	490125	488884	492916	490466
32768	256	491942	489130	488509	489831	488786	488954	490216	491735	489212	489316	493475	494625	488783	489555	489223	489565	488994	490106	488625	489556
32768	512	489913	489609	489540	488688	486923	489694	489470	493316	489408	487726	488222	487679	488815	488977	488412	488150	489010	488347	488799	487888
32768	1024	489179	489792	490290	489152	489112	489258	489919	491343	492018	492061	490227	491261	490703	489578	489047	490383	490764	491275	490037	490757
32768	2048	492683	491977	492557	491494	491273	489959	490821	492132	492476	492112	497806	492982	492621	493384	494522	492141	493565	492645	492173	492246
32768	4096	494215	493558	493292	493916	493187	493565	493654	493762	499679	493930	493445	493436	494157	493615	492983	492246	491159	493164	497267	491301
32768	8192	492894	493162	494228	492129	491981	492809	492686	494311	493336	493774	493914	492996	493224	492917	497809	490753	490652	490393	491282	490304
32768	16384	491445	492280	490583	493387	490824	491827	491630	492562	491819	490460	491678	490923	490812	491791	498193	491440	492184	491969	491843	492218
32768	32768	490610	512837	511951	517002	509216	517169	510862	512584	511012	513585	514323	510156	508828	513021	507469	515602	513322	510536	511386	511038
32768	65536	509884	513783	521203	512558	511902	510891	512718	494564	497513	498741	497453	495222	496994	496448	494454	497323	500746	497944	504943	494233
