	246243
	267359
	266562
	267874
	264354
	262947
	258811
	252300
	244539
	238710
	1.8821e+07
	3.42878e+07
	4.75071e+07
	5.88288e+07
	6.85422e+07
	7.7701e+07
	8.61136e+07
	9.32851e+07
	9.99254e+07
	1.05883e+08
	1.11628e+08
	1.15998e+08
	1.1998e+08
	1.23756e+08
	1.271e+08
	1.3012e+08
	1.32937e+08
	1.35627e+08
	1.38136e+08
	1.40403e+08
	1.42571e+08
	1.4454e+08
	1.47705e+08
	1.5066e+08
	1.52752e+08
	1.54228e+08
	1.55616e+08
	1.57096e+08
	1.58558e+08
	1.59922e+08
	1.61024e+08
	1.6209e+08
	1.63143e+08
	1.64149e+08
	1.65085e+08
	1.65919e+08
	1.66714e+08
	1.6748e+08
	1.68527e+08
	1.6954e+08
	1.70451e+08
	1.71129e+08
	1.71785e+08
	1.7275e+08
	1.74114e+08
	1.75424e+08
	1.76003e+08
	1.76536e+08
	1.77075e+08
	1.77609e+08
	1.78171e+08
	1.78627e+08
	1.79059e+08
	1.79467e+08
	1.80033e+08
	1.8063e+08
	1.81165e+08
	1.81698e+08
	1.82037e+08
	1.82351e+08
	1.82669e+08
	1.82968e+08
	1.83266e+08
	1.83625e+08
	1.84155e+08
	1.84685e+08
	1.8537e+08
	1.86165e+08
	1.86883e+08
	1.87281e+08
	1.87671e+08
	1.87972e+08
	1.88175e+08
	1.88373e+08
	1.88579e+08
	1.88767e+08
	1.88981e+08
	1.8919e+08
	1.8938e+08
	1.89567e+08
	1.89756e+08
	1.89947e+08
	1.90122e+08
	1.9027e+08
	1.90414e+08
	1.90563e+08
	1.90851e+08
	1.91138e+08
	1.91417e+08
	1.91537e+08
	268442
	288683
	287768
	281474
	280218
	275646
	263397
	3.93169e+07
	7.02923e+07
	9.55597e+07
	1.17031e+08
	1.34197e+08
	1.48295e+08
	1.64053e+08
	1.78666e+08
	1.88635e+08
	1.96892e+08
	2.03524e+08
	2.09519e+08
	2.14825e+08
	2.19602e+08
	2.24575e+08
	2.28519e+08
	2.32189e+08
	2.35664e+08
	2.38921e+08
	2.41974e+08
	2.44698e+08
	2.47153e+08
	2.49522e+08
	2.51741e+08
	2.53779e+08
	2.55726e+08
	2.57546e+08
	2.59245e+08
	2.60862e+08
	2.62688e+08
	2.6601e+08
	2.68332e+08
	2.70098e+08
	2.71282e+08
	2.72343e+08
	2.73356e+08
	2.74325e+08
	2.75249e+08
	2.76139e+08
	2.76999e+08
	2.77804e+08
	2.78674e+08
	2.79516e+08
	2.80535e+08
	2.81492e+08
	2.82183e+08
	2.82829e+08
	2.83436e+08
	2.84118e+08
	2.85046e+08
	2.86483e+08
	2.87224e+08
	2.87688e+08
	2.8816e+08
	2.88615e+08
	2.89055e+08
	2.89482e+08
	2.89911e+08
	2.90366e+08
	2.91026e+08
	2.91625e+08
	2.91994e+08
	2.92547e+08
	2.93208e+08
	2.93656e+08
	2.94032e+08
	2.94336e+08
	2.94624e+08
	2.94937e+08
	2.9526e+08
	2.95727e+08
	2.96134e+08
	2.96383e+08
	2.96635e+08
	2.96883e+08
	2.97396e+08
	2.97622e+08
	2.97855e+08
	2.98195e+08
	2.98462e+08
	2.98689e+08
	2.99037e+08
	2.99462e+08
	2.99883e+08
	3.00285e+08
	3.00514e+08
	3.00792e+08
	3.01671e+08
	3.02158e+08
	3.02297e+08
	3.02428e+08
	3.02802e+08
	3.0319e+08
