p	phi(m)	m	d	m1	m2	m3	g1	g2	g3	ord1	ord2	ord3	c_m
2	48	105	12	3	35	0	71	76	0	2	2	0	100	
secure level: -109.56
2	600	1023	10	11	93	0	838	584	0	10	6	0	100	
secure level: -104.369
2	1200	1705	20	11	155	0	156	936	0	10	6	0	100	
secure level: -98.7447
2	1728	4095	12	7	5	117	2341	3277	3641	6	4	6	100	
secure level: -94.0222
2	2304	4641	24	7	3	221	3979	3095	3760	6	2	-8	300	
secure level: -88.7991
2	4096	4369	16	17	257	0	258	4115	0	16	-16	0	100	
secure level: -72.2466
2	12800	17425	40	41	425	0	5951	8078	0	40	-8	0	100	
secure level: 1.53337
2	15004	15709	22	23	683	0	4099	13663	0	22	31	0	100	
secure level: 28.0377
2	16384	21845	16	17	5	257	8996	17477	21591	16	4	-16	200	
secure level: 41.8058
2	18000	18631	25	31	601	0	15627	1334	0	30	24	0	100	
secure level: 55.718
2	18816	24295	28	43	565	0	16386	16427	0	42	16	0	100	
secure level: 64.854
2	21168	27305	28	43	635	0	10796	26059	0	42	18	0	100	
secure level: 85.2216
2	23040	28679	24	17	7	241	15184	4098	28204	16	6	-10	200	
secure level: 101.278
	6	239595	409.72
2	24000	31775	20	41	775	0	6976	24806	0	40	30	0	100	
secure level: 112.297
	6	241803	427.07
2	26400	27311	55	31	881	0	21145	1830	0	30	16	0	100	
secure level: 132.172
	6	258951	465.89
2	27000	32767	15	31	7	151	11628	28087	25824	30	6	-10	200	
secure level: 126.187
	6	271007	479.14
2	31104	35113	36	37	949	0	16134	8548	0	36	24	0	200	
secure level: 161.131
	6	398920	554.88
2	34848	45655	44	23	1985	0	33746	27831	0	22	36	0	100	
secure level: 210.334
	6	437798	626.95
2	42336	42799	21	127	337	0	25276	40133	0	126	16	0	200	
secure level: 285.264
	6	471123	799.87
2	45360	46063	45	73	631	0	35337	20222	0	72	14	0	100	
secure level: 307.049
	6	500947	859.12
2	46080	53261	24	17	13	241	43863	28680	15913	16	12	-10	100	
secure level: 313.518
	6	532066	884.63
2	49500	49981	30	151	331	0	6952	28540	0	150	11	0	100	
secure level: 345.691
	6	523745	953.62
2	54000	55831	25	31	1801	0	19812	50593	0	30	72	0	100	
secure level: 388.305
	6	559730	1043.72
2	60016	60787	22	89	683	0	2050	58741	0	88	31	0	200	
secure level: 447.512
	6	614153	1171.99
7	36	57	3	3	19	0	20	40	0	2	-6	0	100	
secure level: -109.67
17	48	105	12	3	35	0	71	76	0	2	2	0	100	
secure level: -109.562
17	576	1365	12	7	3	65	976	911	463	6	2	4	100	
secure level: -104.726
17	18000	21917	30	101	217	0	5860	5455	0	100	6	0	100	
secure level: 54.7491
17	30000	34441	30	101	341	0	2729	31715	0	100	10	0	100	
secure level: 167.676
	6	640060	531.46
17	40000	45551	40	101	451	0	19394	7677	0	100	10	0	200	
secure level: 261.086
	6	772454	772.76
17	46656	52429	36	109	481	0	46658	5778	0	108	12	0	100	
secure level: 319.767
	6	821349	916.28
17	54208	59363	44	23	2581	0	25811	5199	0	22	56	0	100	
secure level: 363.23
	6	858751	1086.03
17	70000	78881	10	101	781	0	67167	58581	0	100	70	0	100	
secure level: 534.591
	6	1.5038e+06	1400.68
127	576	1365	12	7	3	65	976	911	463	6	2	4	100	
secure level: -104.726
127	1200	1925	20	11	175	0	1751	199	0	10	6	0	100	
secure level: -98.8386
127	2160	2821	30	13	217	0	652	222	0	12	6	0	100	
secure level: -91.3678
127	18816	24295	28	43	565	0	16386	16427	0	42	16	0	100	
secure level: 52.6556
127	26112	30277	24	17	1781	0	14249	10694	0	16	68	0	100	
secure level: 132.752
	6	400154	467.29
127	31752	32551	14	43	757	0	7571	28768	0	42	54	0	100	
secure level: 179.519
	6	410943	594.97
127	46656	51319	36	37	1387	0	48546	24976	0	36	-36	0	200	
secure level: 295.821
	6	783124	892.96
127	49392	61103	28	43	1421	0	1422	14234	0	42	42	0	200	
secure level: 345.153
	6	758078	948
127	54400	61787	40	41	1507	0	30141	46782	0	40	34	0	100	
secure level: 386.885
	6	832058	1063.72
127	72000	77531	30	61	1271	0	7627	34344	0	60	40	0	100	
secure level: 548.422
	6	1.54594e+06	1744.48
